-224 -224 m 1
1024 -224 l 1
-224 -160 m 1
1024 -160 l 1
-224 -96 m 1
1024 -96 l 1
-224 -32 m 1
1024 -32 l 1
-224 32 m 1
1024 32 l 1
-224 96 m 1
1024 96 l 1
-224 160 m 1
1024 160 l 1
-224 224 m 1
1024 224 l 1
-224 288 m 1
1024 288 l 1
-224 352 m 1
1024 352 l 1
-224 416 m 1
1024 416 l 1
-224 480 m 1
1024 480 l 1
-224 544 m 1
1024 544 l 1
-224 608 m 1
1024 608 l 1
-224 672 m 1
1024 672 l 1
-224 736 m 1
1024 736 l 1
-224 800 m 1
1024 800 l 1
-224 864 m 1
1024 864 l 1
-224 928 m 1
1024 928 l 1
-224 992 m 1
1024 992 l 1
-224 -224 m 1
-224 1024 l 1
-160 -224 m 1
-160 1024 l 1
-96 -224 m 1
-96 1024 l 1
-32 -224 m 1
-32 1024 l 1
32 -224 m 1
32 1024 l 1
96 -224 m 1
96 1024 l 1
160 -224 m 1
160 1024 l 1
224 -224 m 1
224 1024 l 1
288 -224 m 1
288 1024 l 1
352 -224 m 1
352 1024 l 1
416 -224 m 1
416 1024 l 1
480 -224 m 1
480 1024 l 1
544 -224 m 1
544 1024 l 1
608 -224 m 1
608 1024 l 1
672 -224 m 1
672 1024 l 1
736 -224 m 1
736 1024 l 1
800 -224 m 1
800 1024 l 1
864 -224 m 1
864 1024 l 1
928 -224 m 1
928 1024 l 1
992 -224 m 1
992 1024 l 1
-224 -224 m 1
-192 -224 m 1
-160 -224 m 1
-128 -224 m 1
-96 -224 m 1
-64 -224 m 1
-32 -224 m 1
0 -224 m 1
32 -224 m 1
64 -224 m 1
96 -224 m 1
128 -224 m 1
160 -224 m 1
192 -224 m 1
224 -224 m 1
256 -224 m 1
288 -224 m 1
320 -224 m 1
352 -224 m 1
384 -224 m 1
416 -224 m 1
448 -224 m 1
480 -224 m 1
512 -224 m 1
544 -224 m 1
576 -224 m 1
608 -224 m 1
640 -224 m 1
672 -224 m 1
704 -224 m 1
736 -224 m 1
768 -224 m 1
800 -224 m 1
832 -224 m 1
864 -224 m 1
896 -224 m 1
928 -224 m 1
960 -224 m 1
992 -224 m 1
1024 -224 m 1
-224 -192 m 1
-192 -192 m 1
-160 -192 m 1
-128 -192 m 1
-96 -192 m 1
-64 -192 m 1
-32 -192 m 1
0 -192 m 1
32 -192 m 1
64 -192 m 1
96 -192 m 1
128 -192 m 1
160 -192 m 1
192 -192 m 1
224 -192 m 1
256 -192 m 1
288 -192 m 1
320 -192 m 1
352 -192 m 1
384 -192 m 1
416 -192 m 1
448 -192 m 1
480 -192 m 1
512 -192 m 1
544 -192 m 1
576 -192 m 1
608 -192 m 1
640 -192 m 1
672 -192 m 1
704 -192 m 1
736 -192 m 1
768 -192 m 1
800 -192 m 1
832 -192 m 1
864 -192 m 1
896 -192 m 1
928 -192 m 1
960 -192 m 1
992 -192 m 1
1024 -192 m 1
-224 -160 m 1
-192 -160 m 1
-160 -160 m 1
-128 -160 m 1
-96 -160 m 1
-64 -160 m 1
-32 -160 m 1
0 -160 m 1
32 -160 m 1
64 -160 m 1
96 -160 m 1
128 -160 m 1
160 -160 m 1
192 -160 m 1
224 -160 m 1
256 -160 m 1
288 -160 m 1
320 -160 m 1
352 -160 m 1
384 -160 m 1
416 -160 m 1
448 -160 m 1
480 -160 m 1
512 -160 m 1
544 -160 m 1
576 -160 m 1
608 -160 m 1
640 -160 m 1
672 -160 m 1
704 -160 m 1
736 -160 m 1
768 -160 m 1
800 -160 m 1
832 -160 m 1
864 -160 m 1
896 -160 m 1
928 -160 m 1
960 -160 m 1
992 -160 m 1
1024 -160 m 1
-224 -128 m 1
-192 -128 m 1
-160 -128 m 1
-128 -128 m 1
-96 -128 m 1
-64 -128 m 1
-32 -128 m 1
0 -128 m 1
32 -128 m 1
64 -128 m 1
96 -128 m 1
128 -128 m 1
160 -128 m 1
192 -128 m 1
224 -128 m 1
256 -128 m 1
288 -128 m 1
320 -128 m 1
352 -128 m 1
384 -128 m 1
416 -128 m 1
448 -128 m 1
480 -128 m 1
512 -128 m 1
544 -128 m 1
576 -128 m 1
608 -128 m 1
640 -128 m 1
672 -128 m 1
704 -128 m 1
736 -128 m 1
768 -128 m 1
800 -128 m 1
832 -128 m 1
864 -128 m 1
896 -128 m 1
928 -128 m 1
960 -128 m 1
992 -128 m 1
1024 -128 m 1
-224 -96 m 1
-192 -96 m 1
-160 -96 m 1
-128 -96 m 1
-96 -96 m 1
-64 -96 m 1
-32 -96 m 1
0 -96 m 1
32 -96 m 1
64 -96 m 1
96 -96 m 1
128 -96 m 1
160 -96 m 1
192 -96 m 1
224 -96 m 1
256 -96 m 1
288 -96 m 1
320 -96 m 1
352 -96 m 1
384 -96 m 1
416 -96 m 1
448 -96 m 1
480 -96 m 1
512 -96 m 1
544 -96 m 1
576 -96 m 1
608 -96 m 1
640 -96 m 1
672 -96 m 1
704 -96 m 1
736 -96 m 1
768 -96 m 1
800 -96 m 1
832 -96 m 1
864 -96 m 1
896 -96 m 1
928 -96 m 1
960 -96 m 1
992 -96 m 1
1024 -96 m 1
-224 -64 m 1
-192 -64 m 1
-160 -64 m 1
-128 -64 m 1
-96 -64 m 1
-64 -64 m 1
-32 -64 m 1
0 -64 m 1
32 -64 m 1
64 -64 m 1
96 -64 m 1
128 -64 m 1
160 -64 m 1
192 -64 m 1
224 -64 m 1
256 -64 m 1
288 -64 m 1
320 -64 m 1
352 -64 m 1
384 -64 m 1
416 -64 m 1
448 -64 m 1
480 -64 m 1
512 -64 m 1
544 -64 m 1
576 -64 m 1
608 -64 m 1
640 -64 m 1
672 -64 m 1
704 -64 m 1
736 -64 m 1
768 -64 m 1
800 -64 m 1
832 -64 m 1
864 -64 m 1
896 -64 m 1
928 -64 m 1
960 -64 m 1
992 -64 m 1
1024 -64 m 1
-224 -32 m 1
-192 -32 m 1
-160 -32 m 1
-128 -32 m 1
-96 -32 m 1
-64 -32 m 1
-32 -32 m 1
0 -32 m 1
32 -32 m 1
64 -32 m 1
96 -32 m 1
128 -32 m 1
160 -32 m 1
192 -32 m 1
224 -32 m 1
256 -32 m 1
288 -32 m 1
320 -32 m 1
352 -32 m 1
384 -32 m 1
416 -32 m 1
448 -32 m 1
480 -32 m 1
512 -32 m 1
544 -32 m 1
576 -32 m 1
608 -32 m 1
640 -32 m 1
672 -32 m 1
704 -32 m 1
736 -32 m 1
768 -32 m 1
800 -32 m 1
832 -32 m 1
864 -32 m 1
896 -32 m 1
928 -32 m 1
960 -32 m 1
992 -32 m 1
1024 -32 m 1
-224 0 m 1
-192 0 m 1
-160 0 m 1
-128 0 m 1
-96 0 m 1
-64 0 m 1
-32 0 m 1
0 0 m 1
32 0 m 1
64 0 m 1
96 0 m 1
128 0 m 1
160 0 m 1
192 0 m 1
224 0 m 1
256 0 m 1
288 0 m 1
320 0 m 1
352 0 m 1
384 0 m 1
416 0 m 1
448 0 m 1
480 0 m 1
512 0 m 1
544 0 m 1
576 0 m 1
608 0 m 1
640 0 m 1
672 0 m 1
704 0 m 1
736 0 m 1
768 0 m 1
800 0 m 1
832 0 m 1
864 0 m 1
896 0 m 1
928 0 m 1
960 0 m 1
992 0 m 1
1024 0 m 1
-224 32 m 1
-192 32 m 1
-160 32 m 1
-128 32 m 1
-96 32 m 1
-64 32 m 1
-32 32 m 1
0 32 m 1
32 32 m 1
64 32 m 1
96 32 m 1
128 32 m 1
160 32 m 1
192 32 m 1
224 32 m 1
256 32 m 1
288 32 m 1
320 32 m 1
352 32 m 1
384 32 m 1
416 32 m 1
448 32 m 1
480 32 m 1
512 32 m 1
544 32 m 1
576 32 m 1
608 32 m 1
640 32 m 1
672 32 m 1
704 32 m 1
736 32 m 1
768 32 m 1
800 32 m 1
832 32 m 1
864 32 m 1
896 32 m 1
928 32 m 1
960 32 m 1
992 32 m 1
1024 32 m 1
-224 64 m 1
-192 64 m 1
-160 64 m 1
-128 64 m 1
-96 64 m 1
-64 64 m 1
-32 64 m 1
0 64 m 1
32 64 m 1
64 64 m 1
96 64 m 1
128 64 m 1
160 64 m 1
192 64 m 1
224 64 m 1
256 64 m 1
288 64 m 1
320 64 m 1
352 64 m 1
384 64 m 1
416 64 m 1
448 64 m 1
480 64 m 1
512 64 m 1
544 64 m 1
576 64 m 1
608 64 m 1
640 64 m 1
672 64 m 1
704 64 m 1
736 64 m 1
768 64 m 1
800 64 m 1
832 64 m 1
864 64 m 1
896 64 m 1
928 64 m 1
960 64 m 1
992 64 m 1
1024 64 m 1
-224 96 m 1
-192 96 m 1
-160 96 m 1
-128 96 m 1
-96 96 m 1
-64 96 m 1
-32 96 m 1
0 96 m 1
32 96 m 1
64 96 m 1
96 96 m 1
128 96 m 1
160 96 m 1
192 96 m 1
224 96 m 1
256 96 m 1
288 96 m 1
320 96 m 1
352 96 m 1
384 96 m 1
416 96 m 1
448 96 m 1
480 96 m 1
512 96 m 1
544 96 m 1
576 96 m 1
608 96 m 1
640 96 m 1
672 96 m 1
704 96 m 1
736 96 m 1
768 96 m 1
800 96 m 1
832 96 m 1
864 96 m 1
896 96 m 1
928 96 m 1
960 96 m 1
992 96 m 1
1024 96 m 1
-224 128 m 1
-192 128 m 1
-160 128 m 1
-128 128 m 1
-96 128 m 1
-64 128 m 1
-32 128 m 1
0 128 m 1
32 128 m 1
64 128 m 1
96 128 m 1
128 128 m 1
160 128 m 1
192 128 m 1
224 128 m 1
256 128 m 1
288 128 m 1
320 128 m 1
352 128 m 1
384 128 m 1
416 128 m 1
448 128 m 1
480 128 m 1
512 128 m 1
544 128 m 1
576 128 m 1
608 128 m 1
640 128 m 1
672 128 m 1
704 128 m 1
736 128 m 1
768 128 m 1
800 128 m 1
832 128 m 1
864 128 m 1
896 128 m 1
928 128 m 1
960 128 m 1
992 128 m 1
1024 128 m 1
-224 160 m 1
-192 160 m 1
-160 160 m 1
-128 160 m 1
-96 160 m 1
-64 160 m 1
-32 160 m 1
0 160 m 1
32 160 m 1
64 160 m 1
96 160 m 1
128 160 m 1
160 160 m 1
192 160 m 1
224 160 m 1
256 160 m 1
288 160 m 1
320 160 m 1
352 160 m 1
384 160 m 1
416 160 m 1
448 160 m 1
480 160 m 1
512 160 m 1
544 160 m 1
576 160 m 1
608 160 m 1
640 160 m 1
672 160 m 1
704 160 m 1
736 160 m 1
768 160 m 1
800 160 m 1
832 160 m 1
864 160 m 1
896 160 m 1
928 160 m 1
960 160 m 1
992 160 m 1
1024 160 m 1
-224 192 m 1
-192 192 m 1
-160 192 m 1
-128 192 m 1
-96 192 m 1
-64 192 m 1
-32 192 m 1
0 192 m 1
32 192 m 1
64 192 m 1
96 192 m 1
128 192 m 1
160 192 m 1
192 192 m 1
224 192 m 1
256 192 m 1
288 192 m 1
320 192 m 1
352 192 m 1
384 192 m 1
416 192 m 1
448 192 m 1
480 192 m 1
512 192 m 1
544 192 m 1
576 192 m 1
608 192 m 1
640 192 m 1
672 192 m 1
704 192 m 1
736 192 m 1
768 192 m 1
800 192 m 1
832 192 m 1
864 192 m 1
896 192 m 1
928 192 m 1
960 192 m 1
992 192 m 1
1024 192 m 1
-224 224 m 1
-192 224 m 1
-160 224 m 1
-128 224 m 1
-96 224 m 1
-64 224 m 1
-32 224 m 1
0 224 m 1
32 224 m 1
64 224 m 1
96 224 m 1
128 224 m 1
160 224 m 1
192 224 m 1
224 224 m 1
256 224 m 1
288 224 m 1
320 224 m 1
352 224 m 1
384 224 m 1
416 224 m 1
448 224 m 1
480 224 m 1
512 224 m 1
544 224 m 1
576 224 m 1
608 224 m 1
640 224 m 1
672 224 m 1
704 224 m 1
736 224 m 1
768 224 m 1
800 224 m 1
832 224 m 1
864 224 m 1
896 224 m 1
928 224 m 1
960 224 m 1
992 224 m 1
1024 224 m 1
-224 256 m 1
-192 256 m 1
-160 256 m 1
-128 256 m 1
-96 256 m 1
-64 256 m 1
-32 256 m 1
0 256 m 1
32 256 m 1
64 256 m 1
96 256 m 1
128 256 m 1
160 256 m 1
192 256 m 1
224 256 m 1
256 256 m 1
288 256 m 1
320 256 m 1
352 256 m 1
384 256 m 1
416 256 m 1
448 256 m 1
480 256 m 1
512 256 m 1
544 256 m 1
576 256 m 1
608 256 m 1
640 256 m 1
672 256 m 1
704 256 m 1
736 256 m 1
768 256 m 1
800 256 m 1
832 256 m 1
864 256 m 1
896 256 m 1
928 256 m 1
960 256 m 1
992 256 m 1
1024 256 m 1
-224 288 m 1
-192 288 m 1
-160 288 m 1
-128 288 m 1
-96 288 m 1
-64 288 m 1
-32 288 m 1
0 288 m 1
32 288 m 1
64 288 m 1
96 288 m 1
128 288 m 1
160 288 m 1
192 288 m 1
224 288 m 1
256 288 m 1
288 288 m 1
320 288 m 1
352 288 m 1
384 288 m 1
416 288 m 1
448 288 m 1
480 288 m 1
512 288 m 1
544 288 m 1
576 288 m 1
608 288 m 1
640 288 m 1
672 288 m 1
704 288 m 1
736 288 m 1
768 288 m 1
800 288 m 1
832 288 m 1
864 288 m 1
896 288 m 1
928 288 m 1
960 288 m 1
992 288 m 1
1024 288 m 1
-224 320 m 1
-192 320 m 1
-160 320 m 1
-128 320 m 1
-96 320 m 1
-64 320 m 1
-32 320 m 1
0 320 m 1
32 320 m 1
64 320 m 1
96 320 m 1
128 320 m 1
160 320 m 1
192 320 m 1
224 320 m 1
256 320 m 1
288 320 m 1
320 320 m 1
352 320 m 1
384 320 m 1
416 320 m 1
448 320 m 1
480 320 m 1
512 320 m 1
544 320 m 1
576 320 m 1
608 320 m 1
640 320 m 1
672 320 m 1
704 320 m 1
736 320 m 1
768 320 m 1
800 320 m 1
832 320 m 1
864 320 m 1
896 320 m 1
928 320 m 1
960 320 m 1
992 320 m 1
1024 320 m 1
-224 352 m 1
-192 352 m 1
-160 352 m 1
-128 352 m 1
-96 352 m 1
-64 352 m 1
-32 352 m 1
0 352 m 1
32 352 m 1
64 352 m 1
96 352 m 1
128 352 m 1
160 352 m 1
192 352 m 1
224 352 m 1
256 352 m 1
288 352 m 1
320 352 m 1
352 352 m 1
384 352 m 1
416 352 m 1
448 352 m 1
480 352 m 1
512 352 m 1
544 352 m 1
576 352 m 1
608 352 m 1
640 352 m 1
672 352 m 1
704 352 m 1
736 352 m 1
768 352 m 1
800 352 m 1
832 352 m 1
864 352 m 1
896 352 m 1
928 352 m 1
960 352 m 1
992 352 m 1
1024 352 m 1
-224 384 m 1
-192 384 m 1
-160 384 m 1
-128 384 m 1
-96 384 m 1
-64 384 m 1
-32 384 m 1
0 384 m 1
32 384 m 1
64 384 m 1
96 384 m 1
128 384 m 1
160 384 m 1
192 384 m 1
224 384 m 1
256 384 m 1
288 384 m 1
320 384 m 1
352 384 m 1
384 384 m 1
416 384 m 1
448 384 m 1
480 384 m 1
512 384 m 1
544 384 m 1
576 384 m 1
608 384 m 1
640 384 m 1
672 384 m 1
704 384 m 1
736 384 m 1
768 384 m 1
800 384 m 1
832 384 m 1
864 384 m 1
896 384 m 1
928 384 m 1
960 384 m 1
992 384 m 1
1024 384 m 1
-224 416 m 1
-192 416 m 1
-160 416 m 1
-128 416 m 1
-96 416 m 1
-64 416 m 1
-32 416 m 1
0 416 m 1
32 416 m 1
64 416 m 1
96 416 m 1
128 416 m 1
160 416 m 1
192 416 m 1
224 416 m 1
256 416 m 1
288 416 m 1
320 416 m 1
352 416 m 1
384 416 m 1
416 416 m 1
448 416 m 1
480 416 m 1
512 416 m 1
544 416 m 1
576 416 m 1
608 416 m 1
640 416 m 1
672 416 m 1
704 416 m 1
736 416 m 1
768 416 m 1
800 416 m 1
832 416 m 1
864 416 m 1
896 416 m 1
928 416 m 1
960 416 m 1
992 416 m 1
1024 416 m 1
-224 448 m 1
-192 448 m 1
-160 448 m 1
-128 448 m 1
-96 448 m 1
-64 448 m 1
-32 448 m 1
0 448 m 1
32 448 m 1
64 448 m 1
96 448 m 1
128 448 m 1
160 448 m 1
192 448 m 1
224 448 m 1
256 448 m 1
288 448 m 1
320 448 m 1
352 448 m 1
384 448 m 1
416 448 m 1
448 448 m 1
480 448 m 1
512 448 m 1
544 448 m 1
576 448 m 1
608 448 m 1
640 448 m 1
672 448 m 1
704 448 m 1
736 448 m 1
768 448 m 1
800 448 m 1
832 448 m 1
864 448 m 1
896 448 m 1
928 448 m 1
960 448 m 1
992 448 m 1
1024 448 m 1
-224 480 m 1
-192 480 m 1
-160 480 m 1
-128 480 m 1
-96 480 m 1
-64 480 m 1
-32 480 m 1
0 480 m 1
32 480 m 1
64 480 m 1
96 480 m 1
128 480 m 1
160 480 m 1
192 480 m 1
224 480 m 1
256 480 m 1
288 480 m 1
320 480 m 1
352 480 m 1
384 480 m 1
416 480 m 1
448 480 m 1
480 480 m 1
512 480 m 1
544 480 m 1
576 480 m 1
608 480 m 1
640 480 m 1
672 480 m 1
704 480 m 1
736 480 m 1
768 480 m 1
800 480 m 1
832 480 m 1
864 480 m 1
896 480 m 1
928 480 m 1
960 480 m 1
992 480 m 1
1024 480 m 1
-224 512 m 1
-192 512 m 1
-160 512 m 1
-128 512 m 1
-96 512 m 1
-64 512 m 1
-32 512 m 1
0 512 m 1
32 512 m 1
64 512 m 1
96 512 m 1
128 512 m 1
160 512 m 1
192 512 m 1
224 512 m 1
256 512 m 1
288 512 m 1
320 512 m 1
352 512 m 1
384 512 m 1
416 512 m 1
448 512 m 1
480 512 m 1
512 512 m 1
544 512 m 1
576 512 m 1
608 512 m 1
640 512 m 1
672 512 m 1
704 512 m 1
736 512 m 1
768 512 m 1
800 512 m 1
832 512 m 1
864 512 m 1
896 512 m 1
928 512 m 1
960 512 m 1
992 512 m 1
1024 512 m 1
-224 544 m 1
-192 544 m 1
-160 544 m 1
-128 544 m 1
-96 544 m 1
-64 544 m 1
-32 544 m 1
0 544 m 1
32 544 m 1
64 544 m 1
96 544 m 1
128 544 m 1
160 544 m 1
192 544 m 1
224 544 m 1
256 544 m 1
288 544 m 1
320 544 m 1
352 544 m 1
384 544 m 1
416 544 m 1
448 544 m 1
480 544 m 1
512 544 m 1
544 544 m 1
576 544 m 1
608 544 m 1
640 544 m 1
672 544 m 1
704 544 m 1
736 544 m 1
768 544 m 1
800 544 m 1
832 544 m 1
864 544 m 1
896 544 m 1
928 544 m 1
960 544 m 1
992 544 m 1
1024 544 m 1
-224 576 m 1
-192 576 m 1
-160 576 m 1
-128 576 m 1
-96 576 m 1
-64 576 m 1
-32 576 m 1
0 576 m 1
32 576 m 1
64 576 m 1
96 576 m 1
128 576 m 1
160 576 m 1
192 576 m 1
224 576 m 1
256 576 m 1
288 576 m 1
320 576 m 1
352 576 m 1
384 576 m 1
416 576 m 1
448 576 m 1
480 576 m 1
512 576 m 1
544 576 m 1
576 576 m 1
608 576 m 1
640 576 m 1
672 576 m 1
704 576 m 1
736 576 m 1
768 576 m 1
800 576 m 1
832 576 m 1
864 576 m 1
896 576 m 1
928 576 m 1
960 576 m 1
992 576 m 1
1024 576 m 1
-224 608 m 1
-192 608 m 1
-160 608 m 1
-128 608 m 1
-96 608 m 1
-64 608 m 1
-32 608 m 1
0 608 m 1
32 608 m 1
64 608 m 1
96 608 m 1
128 608 m 1
160 608 m 1
192 608 m 1
224 608 m 1
256 608 m 1
288 608 m 1
320 608 m 1
352 608 m 1
384 608 m 1
416 608 m 1
448 608 m 1
480 608 m 1
512 608 m 1
544 608 m 1
576 608 m 1
608 608 m 1
640 608 m 1
672 608 m 1
704 608 m 1
736 608 m 1
768 608 m 1
800 608 m 1
832 608 m 1
864 608 m 1
896 608 m 1
928 608 m 1
960 608 m 1
992 608 m 1
1024 608 m 1
-224 640 m 1
-192 640 m 1
-160 640 m 1
-128 640 m 1
-96 640 m 1
-64 640 m 1
-32 640 m 1
0 640 m 1
32 640 m 1
64 640 m 1
96 640 m 1
128 640 m 1
160 640 m 1
192 640 m 1
224 640 m 1
256 640 m 1
288 640 m 1
320 640 m 1
352 640 m 1
384 640 m 1
416 640 m 1
448 640 m 1
480 640 m 1
512 640 m 1
544 640 m 1
576 640 m 1
608 640 m 1
640 640 m 1
672 640 m 1
704 640 m 1
736 640 m 1
768 640 m 1
800 640 m 1
832 640 m 1
864 640 m 1
896 640 m 1
928 640 m 1
960 640 m 1
992 640 m 1
1024 640 m 1
-224 672 m 1
-192 672 m 1
-160 672 m 1
-128 672 m 1
-96 672 m 1
-64 672 m 1
-32 672 m 1
0 672 m 1
32 672 m 1
64 672 m 1
96 672 m 1
128 672 m 1
160 672 m 1
192 672 m 1
224 672 m 1
256 672 m 1
288 672 m 1
320 672 m 1
352 672 m 1
384 672 m 1
416 672 m 1
448 672 m 1
480 672 m 1
512 672 m 1
544 672 m 1
576 672 m 1
608 672 m 1
640 672 m 1
672 672 m 1
704 672 m 1
736 672 m 1
768 672 m 1
800 672 m 1
832 672 m 1
864 672 m 1
896 672 m 1
928 672 m 1
960 672 m 1
992 672 m 1
1024 672 m 1
-224 704 m 1
-192 704 m 1
-160 704 m 1
-128 704 m 1
-96 704 m 1
-64 704 m 1
-32 704 m 1
0 704 m 1
32 704 m 1
64 704 m 1
96 704 m 1
128 704 m 1
160 704 m 1
192 704 m 1
224 704 m 1
256 704 m 1
288 704 m 1
320 704 m 1
352 704 m 1
384 704 m 1
416 704 m 1
448 704 m 1
480 704 m 1
512 704 m 1
544 704 m 1
576 704 m 1
608 704 m 1
640 704 m 1
672 704 m 1
704 704 m 1
736 704 m 1
768 704 m 1
800 704 m 1
832 704 m 1
864 704 m 1
896 704 m 1
928 704 m 1
960 704 m 1
992 704 m 1
1024 704 m 1
-224 736 m 1
-192 736 m 1
-160 736 m 1
-128 736 m 1
-96 736 m 1
-64 736 m 1
-32 736 m 1
0 736 m 1
32 736 m 1
64 736 m 1
96 736 m 1
128 736 m 1
160 736 m 1
192 736 m 1
224 736 m 1
256 736 m 1
288 736 m 1
320 736 m 1
352 736 m 1
384 736 m 1
416 736 m 1
448 736 m 1
480 736 m 1
512 736 m 1
544 736 m 1
576 736 m 1
608 736 m 1
640 736 m 1
672 736 m 1
704 736 m 1
736 736 m 1
768 736 m 1
800 736 m 1
832 736 m 1
864 736 m 1
896 736 m 1
928 736 m 1
960 736 m 1
992 736 m 1
1024 736 m 1
-224 768 m 1
-192 768 m 1
-160 768 m 1
-128 768 m 1
-96 768 m 1
-64 768 m 1
-32 768 m 1
0 768 m 1
32 768 m 1
64 768 m 1
96 768 m 1
128 768 m 1
160 768 m 1
192 768 m 1
224 768 m 1
256 768 m 1
288 768 m 1
320 768 m 1
352 768 m 1
384 768 m 1
416 768 m 1
448 768 m 1
480 768 m 1
512 768 m 1
544 768 m 1
576 768 m 1
608 768 m 1
640 768 m 1
672 768 m 1
704 768 m 1
736 768 m 1
768 768 m 1
800 768 m 1
832 768 m 1
864 768 m 1
896 768 m 1
928 768 m 1
960 768 m 1
992 768 m 1
1024 768 m 1
-224 800 m 1
-192 800 m 1
-160 800 m 1
-128 800 m 1
-96 800 m 1
-64 800 m 1
-32 800 m 1
0 800 m 1
32 800 m 1
64 800 m 1
96 800 m 1
128 800 m 1
160 800 m 1
192 800 m 1
224 800 m 1
256 800 m 1
288 800 m 1
320 800 m 1
352 800 m 1
384 800 m 1
416 800 m 1
448 800 m 1
480 800 m 1
512 800 m 1
544 800 m 1
576 800 m 1
608 800 m 1
640 800 m 1
672 800 m 1
704 800 m 1
736 800 m 1
768 800 m 1
800 800 m 1
832 800 m 1
864 800 m 1
896 800 m 1
928 800 m 1
960 800 m 1
992 800 m 1
1024 800 m 1
-224 832 m 1
-192 832 m 1
-160 832 m 1
-128 832 m 1
-96 832 m 1
-64 832 m 1
-32 832 m 1
0 832 m 1
32 832 m 1
64 832 m 1
96 832 m 1
128 832 m 1
160 832 m 1
192 832 m 1
224 832 m 1
256 832 m 1
288 832 m 1
320 832 m 1
352 832 m 1
384 832 m 1
416 832 m 1
448 832 m 1
480 832 m 1
512 832 m 1
544 832 m 1
576 832 m 1
608 832 m 1
640 832 m 1
672 832 m 1
704 832 m 1
736 832 m 1
768 832 m 1
800 832 m 1
832 832 m 1
864 832 m 1
896 832 m 1
928 832 m 1
960 832 m 1
992 832 m 1
1024 832 m 1
-224 864 m 1
-192 864 m 1
-160 864 m 1
-128 864 m 1
-96 864 m 1
-64 864 m 1
-32 864 m 1
0 864 m 1
32 864 m 1
64 864 m 1
96 864 m 1
128 864 m 1
160 864 m 1
192 864 m 1
224 864 m 1
256 864 m 1
288 864 m 1
320 864 m 1
352 864 m 1
384 864 m 1
416 864 m 1
448 864 m 1
480 864 m 1
512 864 m 1
544 864 m 1
576 864 m 1
608 864 m 1
640 864 m 1
672 864 m 1
704 864 m 1
736 864 m 1
768 864 m 1
800 864 m 1
832 864 m 1
864 864 m 1
896 864 m 1
928 864 m 1
960 864 m 1
992 864 m 1
1024 864 m 1
-224 896 m 1
-192 896 m 1
-160 896 m 1
-128 896 m 1
-96 896 m 1
-64 896 m 1
-32 896 m 1
0 896 m 1
32 896 m 1
64 896 m 1
96 896 m 1
128 896 m 1
160 896 m 1
192 896 m 1
224 896 m 1
256 896 m 1
288 896 m 1
320 896 m 1
352 896 m 1
384 896 m 1
416 896 m 1
448 896 m 1
480 896 m 1
512 896 m 1
544 896 m 1
576 896 m 1
608 896 m 1
640 896 m 1
672 896 m 1
704 896 m 1
736 896 m 1
768 896 m 1
800 896 m 1
832 896 m 1
864 896 m 1
896 896 m 1
928 896 m 1
960 896 m 1
992 896 m 1
1024 896 m 1
-224 928 m 1
-192 928 m 1
-160 928 m 1
-128 928 m 1
-96 928 m 1
-64 928 m 1
-32 928 m 1
0 928 m 1
32 928 m 1
64 928 m 1
96 928 m 1
128 928 m 1
160 928 m 1
192 928 m 1
224 928 m 1
256 928 m 1
288 928 m 1
320 928 m 1
352 928 m 1
384 928 m 1
416 928 m 1
448 928 m 1
480 928 m 1
512 928 m 1
544 928 m 1
576 928 m 1
608 928 m 1
640 928 m 1
672 928 m 1
704 928 m 1
736 928 m 1
768 928 m 1
800 928 m 1
832 928 m 1
864 928 m 1
896 928 m 1
928 928 m 1
960 928 m 1
992 928 m 1
1024 928 m 1
-224 960 m 1
-192 960 m 1
-160 960 m 1
-128 960 m 1
-96 960 m 1
-64 960 m 1
-32 960 m 1
0 960 m 1
32 960 m 1
64 960 m 1
96 960 m 1
128 960 m 1
160 960 m 1
192 960 m 1
224 960 m 1
256 960 m 1
288 960 m 1
320 960 m 1
352 960 m 1
384 960 m 1
416 960 m 1
448 960 m 1
480 960 m 1
512 960 m 1
544 960 m 1
576 960 m 1
608 960 m 1
640 960 m 1
672 960 m 1
704 960 m 1
736 960 m 1
768 960 m 1
800 960 m 1
832 960 m 1
864 960 m 1
896 960 m 1
928 960 m 1
960 960 m 1
992 960 m 1
1024 960 m 1
-224 992 m 1
-192 992 m 1
-160 992 m 1
-128 992 m 1
-96 992 m 1
-64 992 m 1
-32 992 m 1
0 992 m 1
32 992 m 1
64 992 m 1
96 992 m 1
128 992 m 1
160 992 m 1
192 992 m 1
224 992 m 1
256 992 m 1
288 992 m 1
320 992 m 1
352 992 m 1
384 992 m 1
416 992 m 1
448 992 m 1
480 992 m 1
512 992 m 1
544 992 m 1
576 992 m 1
608 992 m 1
640 992 m 1
672 992 m 1
704 992 m 1
736 992 m 1
768 992 m 1
800 992 m 1
832 992 m 1
864 992 m 1
896 992 m 1
928 992 m 1
960 992 m 1
992 992 m 1
1024 992 m 1
-224 1024 m 1
-192 1024 m 1
-160 1024 m 1
-128 1024 m 1
-96 1024 m 1
-64 1024 m 1
-32 1024 m 1
0 1024 m 1
32 1024 m 1
64 1024 m 1
96 1024 m 1
128 1024 m 1
160 1024 m 1
192 1024 m 1
224 1024 m 1
256 1024 m 1
288 1024 m 1
320 1024 m 1
352 1024 m 1
384 1024 m 1
416 1024 m 1
448 1024 m 1
480 1024 m 1
512 1024 m 1
544 1024 m 1
576 1024 m 1
608 1024 m 1
640 1024 m 1
672 1024 m 1
704 1024 m 1
736 1024 m 1
768 1024 m 1
800 1024 m 1
832 1024 m 1
864 1024 m 1
896 1024 m 1
928 1024 m 1
960 1024 m 1
992 1024 m 1
1024 1024 m 1
